[(1, 3, 3), (2, 4, 3), (1, 3, 4), (2, 4, 4), (1, 3, 5), (2, 4, 5), (1, 3, 6), (2, 4, 6), (1, 3, 7)]
[(1, 4, 4), (2, 5, 4), (1, 5, 5), (2, 6, 4), (1, 6, 5), (2, 7, 5), (1, 6, 6), (2, 7, 6), (1, 6, 7), (2, 7, 7), (1, 6, 8), (2, 7, 8), (1, 5, 8), (2, 7, 4)]
[(1, 0, 0), (2, 1, 0), (1, 0, 1), (2, 1, 1), (1, 0, 2), (2, 1, 2), (1, 0, 3), (2, 1, 3), (1, 0, 4)]
[(1, 0, 0), (2, 1, 0), (1, 1, 1), (2, 2, 1), (1, 2, 2), (2, 3, 2), (1, 3, 3), (2, 4, 3), (1, 4, 4)]
[(1, 3, 3), (2, 4, 3), (1, 4, 4), (2, 5, 4), (1, 5, 5), (2, 6, 5), (1, 6, 6), (2, 7, 6), (1, 7, 7)]
[(1, 3, 3), (2, 4, 3), (1, 4, 4), (2, 5, 4), (1, 5, 5), (2, 6, 5), (1, 6, 6), (2, 7, 6), (1, 7, 7)]
[(1, 3, 3), (2, 4, 3), (1, 4, 4), (2, 5, 4), (1, 3, 5), (2, 4, 5), (1, 3, 6), (2, 4, 6), (1, 3, 7), (2, 4, 7), (1, 3, 4)]
[(1, 7, 1), (2, 11, 3), (1, 11, 2), (2, 13, 2), (1, 12, 3), (2, 12, 4), (1, 13, 4), (2, 13, 5), (1, 12, 5), (2, 14, 6), (1, 12, 6), (2, 10, 2)]
[(1, 6, 4), (2, 5, 3), (1, 5, 4), (2, 6, 5), (1, 7, 5), (2, 7, 4), (1, 8, 4), (2, 8, 3), (1, 5, 6), (2, 7, 6), (1, 8, 5), (2, 9, 5), (1, 9, 6), (2, 10, 5), (1, 10, 6), (2, 11, 6), (1, 11, 5), (2, 11, 7), (1, 12, 4), (2, 12, 6), (1, 13, 3), (2, 9, 7), (1, 14, 2)]
[(2, 8, 8)]
[(1, 8, 9)]
